9
9
1
X
s
856 66 30 40
START
0
0
t
1065 709 30 40
STOP
0
1
9
i
859 157 35 113
X
0
1
1
c
859 239 45 53
I<-1
0
1
3
c
860 308 45 78
S<-0
0
1
4
d
862 381 40 88
I<=X
1
1
5
c
595 470 45 113
S<-S+I
0
1
6
c
649 570 45 67
I<-I+1
0
1
7
o
1072 497 35 170
S
0
1
6
1 0 856 96
3 1 859 122
3 0 859 174
4 1 859 217
4 0 859 261
5 1 860 286
5 0 860 330
6 1 862 351
6 2 818 401
7 1 595 448
7 0 595 492
8 1 649 548
8 0 649 592
6 0 862 451
6 3 906 401
9 1 1072 472
9 0 1072 514
2 1 1065 679
1072 514
858 695
